0.00   0.03   0.00   0.00    0.00    0.00    0.00    0.00    0.00    0.00    0.00    0.00
0.00   0.00   0.00   0.00   -2.00    0.00    5.00    0.00    0.00    0.00   -5.00    5.00
0.00  -0.03   0.00   0.00  -10.00    0.00    2.00    5.00    0.00    0.00  -20.00   20.00
0.00  -0.06   0.00   0.00  -18.00    0.00   -2.00   10.00    0.00    0.00  -40.00   40.00
0.00  -0.08   0.00   0.00  -23.00    0.00    0.00   14.00    0.00    0.00  -58.00   58.00
0.00  -0.09   0.00   0.00  -25.00    0.00    0.00   15.00    0.00    0.00  -65.00   65.00
0.00  -0.09   0.00   0.00  -25.00    0.00   -5.00   15.00    0.00    0.00  -65.00   65.00
0.00  -0.09   0.00   0.00  -25.00    0.00    0.00   15.00    0.00    0.00  -65.00   65.00
0.00  -0.10   0.00   0.00  -17.00    0.00    0.00   12.00   23.00  -23.00  -65.00   65.00
0.00  -0.12   0.00   0.00   -8.00    0.00    0.00    8.00   47.00  -47.00  -65.00   65.00
0.00  -0.13   0.00   0.00    0.00    0.00    0.00    5.00   70.00  -70.00  -65.00   65.00
0.00  -0.15   0.00   0.00    0.00   30.00    0.00    3.00   54.00  -54.00  -65.00   65.00
0.00  -0.17   0.00   0.00    0.00   60.00    0.00    2.00   37.00  -37.00  -65.00   65.00
0.00  -0.18   0.00   0.00    0.00   90.00    0.00    0.00   20.00  -20.00  -65.00   65.00
0.00  -0.18   0.00   0.00    0.00   90.00    0.00    0.00   20.00  -20.00  -65.00   65.00
0.00  -0.18   0.00   0.00    0.00   90.00    0.00    0.00   20.00  -20.00  -65.00   65.00
0.00  -0.18   0.00   0.00    0.00   90.00    0.00    0.00   20.00  -20.00  -65.00   65.00
0.00  -0.14   0.00   0.00    0.00   45.00    0.00    2.00   45.00  -45.00  -65.00   65.00
0.00  -0.09   0.00   0.00    0.00    0.00    0.00    5.00   70.00  -70.00  -65.00   65.00
0.00  -0.03   0.00   0.00  -10.00    0.00    0.00    7.00   30.00  -30.00  -40.00   40.00
0.00   0.03   0.00   0.00    0.00    0.00    0.00    0.00    0.00    0.00    0.00    0.00
0.00   0.00   0.00   0.00   -5.00    0.00    0.00   10.00    0.00  -20.00  -10.00   10.00
0.00  -0.03   0.00   0.00  -12.00    0.00    5.00   15.00    0.00  -45.00  -35.00   35.00
0.00  -0.06   0.00   0.00  -20.00    0.00    8.00   18.00    0.00  -70.00  -55.00   55.00
0.00  -0.09   0.00   0.00  -25.00    0.00   10.00   20.00    0.00  -85.00  -65.00   65.00
0.00  -0.09   0.00   0.00  -25.00    0.00   10.00   25.00    0.00  -75.00  -65.00   65.00
0.00  -0.09   0.00   0.00  -25.00    0.00   10.00   20.00    0.00  -85.00  -65.00   65.00